0,389
0,388
0,387
0,386
0,385
0,384
0,319
0,318
27,49
27,48
27,47
27,46
27,45
27,44
27,43
27,42
27,41
27,40
27,39
27,38
27,37
27,36
0,317
0,316
0,283
0,243
27,35
3,2
10,8
10,28
10,114
10,170
10,104
10,2
10,3
11,12
11,6
11,18
11,4
11,2
11,3
9,4
9,6
9,2
9,3
8,4
8,13
8,14
8,8
8,2
8,3
12,2
12,1
12,3
20,2
20,1
20,3
19,2
19,1
19,3
18,1
18,3
26,3
26,2
26,1
26,0
25,3
25,2
25,1
25,0
24,3
24,2
24,1
2,2
24,0
23,3
2,1
23,2
23,1
2,3
23,0
14,1
14,3
13,1
13,3
11,27
11,26
11,25
11,24
11,23
11,22
11,1
11,21
10,309
10,308
10,307
10,306
10,305
10,304
10,303
10,302
10,301
10,300
10,299
10,298
10,297
10,296
10,295
10,294
10,293
